
F:\APS_Data\HPCAT\2015-1\Feb 9\Dera\DC2\B1_ofs_continDC2__P0001_C1_D1s_068.tif
      5.14973      8.81030      18.2360      90.0000      90.0000      90.0000
   0.00137046    0.0261335   0.00482668     0.000000     0.000000     0.000000
      369.000
F:\APS_Data\HPCAT\2015-1\Feb 9\Dera\DC2\B1_ofs_continDC2__P0003_C1_D1s_068.tif
      5.15044      8.79650      18.2294      90.0000      90.0000      90.0000
   0.00132306    0.0250212   0.00481547     0.000000     0.000000     0.000000
      373.000
F:\APS_Data\HPCAT\2015-1\Feb 9\Dera\DC2\B1_ofs_continDC2__P0005_C1_D1s_068.tif
      5.15064      8.79910      18.2314      90.0000      90.0000      90.0000
   0.00134969    0.0260092   0.00482617     0.000000     0.000000     0.000000
      367.000
F:\APS_Data\HPCAT\2015-1\Feb 9\Dera\DC2\B1_ofs_continDC2__P0007_C1_D1s_068.tif
      5.15125      8.78891      18.2306      90.0000      90.0000      90.0000
   0.00136908    0.0276953   0.00501993     0.000000     0.000000     0.000000
      369.000
F:\APS_Data\HPCAT\2015-1\Feb 9\Dera\DC2\B1_ofs_continDC2__P0008_C1_D1s_068.tif
      5.15146      8.79980      18.2352      90.0000      90.0000      90.0000
   0.00137557    0.0267106   0.00470505     0.000000     0.000000     0.000000
      365.000
F:\APS_Data\HPCAT\2015-1\Feb 9\Dera\DC2\B1_ofs_continDC2__P0009_C1_D1s_068.tif
      5.15077      8.72823      18.2562      90.0000      90.0000      90.0000
   0.00155860    0.0281021   0.00503002     0.000000     0.000000     0.000000
      362.000
F:\APS_Data\HPCAT\2015-1\Feb 9\Dera\DC2\B1_ofs_continDC2__P0010_C1_D1s_068.tif
      5.15118      8.78256      18.2338      90.0000      90.0000      90.0000
   0.00145439    0.0262955   0.00501352     0.000000     0.000000     0.000000
      359.000
